12 1
4 5
19 5
12 10
12 14
2 17
23 17

12 24
9 27
15 27
6 30
18 30
3 33
21 33

18 40
4 44
13 48
22 52
4 55
18 60

2 71
6 71
10 71
14 71
18 71
22 71
4 74
8 74
12 74
16 74
20 74
12 77

19 87
12 90
4 91
21 94
9 96
19 99
3 102
12 102
8 105
21 107
3 108
14 111
6 114
22 114

13 126
8 129
13 129
18 129
3 132
8 132
13 132
18 132
23 132
3 135
13 135
23 135

13 148
8 150
18 150
3 152
23 152
8 154
18 154
13 156
5 171
13 171
21 171
5 174
13 174
21 174
5 177
13 177
21 177
5 180
13 180
21 180
5 183
13 183
21 183
5 186
13 186
21 186

13 199
10 202
16 202
7 205
19 205
4 208
22 208
13 209
6 213
19 213
13 216

2 234
5 234
8 234
11 234
14 234
17 234
20 234
23 234
2 237
5 237
8 237
11 237
14 237
17 237
20 237
23 237
2 240
5 240
8 240
11 240
14 240
17 240
20 240
23 240
2 243
5 243
8 243
11 243
14 243
17 243
20 243
23 243
2 246
5 246
8 246
11 246
14 246
17 246
20 246
23 246
2 249
5 249
8 249
11 249
14 249
17 249
20 249
23 249
-1 -1
